Rank    Vertex              Tree      Parent              
----------------------------------------------------------
       1         12345896710         1         21345896710
       1         12345896710         2         13425896710
       1         12345896710         3         12435896710
       1         12345896710         4         12354896710
       1         12345896710         5         12348596710
       1         12345896710         6         12345897610
       1         12345896710         7         12345896107
       1         12345896710         8         12345986710
       1         12345896710         9         12345896107
       1         12345896107         1         21345896107
       1         12345896107         2         13245896107
       1         12345896107         3         12435896107
       1         12345896107         4         12354896107
       1         12345896107         5         12348596107
       1         12345896107         6         12345891067
       1         12345896107         7         12345896710
       1         12345896107         8         12345986107
       1         12345896107         9         12345869107
       1         12345897610         1         21345897610
       1         12345897610         2         13425897610
       1         12345897610         3         12435897610
       1         12345897610         4         12354897610
       1         12345897610         5         12348597610
       1         12345897610         6         12345897106
       1         12345897610         7         12345896710
       1         12345897610         8         12345987610
       1         12345897610         9         12345897106
       1         12345897106         1         21345897106
       1         12345897106         2         13245897106
       1         12345897106         3         12435897106
       1         12345897106         4         12354897106
       1         12345897106         5         12348597106
       1         12345897106         6         12345897610
       1         12345897106         7         12345891076
       1         12345897106         8         12345987106
       1         12345897106         9         12345879106
       1         12345891067         1         21345891067
       1         12345891067         2         13245891067
       1         12345891067         3         12435891067
       1         12345891067         4         12354891067
       1         12345891067         5         12348591067
       1         12345891067         6         12345891076
       1         12345891067         7         12345896107
       1         12345891067         8         12345981067
       1         12345891067         9         12345810967
       1         12345891076         1         21345891076
       1         12345891076         2         13245891076
       1         12345891076         3         12435891076
       1         12345891076         4         12354891076
       1         12345891076         5         12348591076
       1         12345891076         6         12345897106
       1         12345891076         7         12345891067
       1         12345891076         8         12345981076
       1         12345891076         9         12345810976
       1         12345810679         1         21345810679
       1         12345810679         2         13245810679
       1         12345810679         3         12435810679
       1         12345810679         4         12354810679
       1         12345810679         5         12348510679
       1         12345810679         6         12345810769
       1         12345810679         7         12345810697
       1         12345810679         8         12345108679
       1         12345810679         9         12345861079
       1         12345810697         1         21345810697
       1         12345810697         2         13245810697
       1         12345810697         3         12435810697
       1         12345810697         4         12354810697
       1         12345810697         5         12348510697
       1         12345810697         6         12345810967
       1         12345810697         7         12345861097
       1         12345810697         8         12345108697
       1         12345810697         9         12345810679
       1         12345810769         1         21345810769
       1         12345810769         2         13245810769
       1         12345810769         3         12435810769
       1         12345810769         4         12354810769
       1         12345810769         5         12348510769
       1         12345810769         6         12345810796
       1         12345810769         7         12345810679
       1         12345810769         8         12345108769
       1         12345810769         9         12345871069
       1         12345810796         1         21345810796
       1         12345810796         2         13245810796
       1         12345810796         3         12435810796
       1         12345810796         4         12354810796
       1         12345810796         5         12348510796
       1         12345810796         6         12345871096
       1         12345810796         7         12345810976
       1         12345810796         8         12345108796
       1         12345810796         9         12345810769
       1         12345810967         1         21345810967
       1         12345810967         2         13245810967
       1         12345810967         3         12435810967
       1         12345810967         4         12354810967
       1         12345810967         5         12348510967
       1         12345810967         6         12345810976
       1         12345810967         7         12345891067
       1         12345810967         8         12345108967
       1         12345810967         9         12345810697
       1         12345810976         1         21345810976
       1         12345810976         2         13245810976
       1         12345810976         3         12435810976
       1         12345810976         4         12354810976
       1         12345810976         5         12348510976
       1         12345810976         6         12345891076
       1         12345810976         7         12345810967
       1         12345810976         8         12345108976
       1         12345810976         9         12345810796
       1         12345967810         1         21345967810
       1         12345967810         2         13425967810
       1         12345967810         3         12435967810
       1         12345967810         4         12354967810
       1         12345967810         5         12349567810
       1         12345967810         6         12345976810
       1         12345967810         7         12345968710
       1         12345967810         8         12345967108
       1         12345967810         9         12345967108
       1         12345967108         1         21345967108
       1         12345967108         2         13245967108
       1         12345967108         3         12435967108
       1         12345967108         4         12354967108
       1         12345967108         5         12349567108
       1         12345967108         6         12345976108
       1         12345967108         7         12345961078
       1         12345967108         8         12345967810
       1         12345967108         9         12345697108
       1         12345968710         1         21345968710
       1         12345968710         2         13425968710
       1         12345968710         3         12435968710
       1         12345968710         4         12354968710
       1         12345968710         5         12349568710
       1         12345968710         6         12345986710
       1         12345968710         7         12345968107
       1         12345968710         8         12345967810
       1         12345968710         9         12345968107
       1         12345968107         1         21345968107
       1         12345968107         2         13245968107
       1         12345968107         3         12435968107
       1         12345968107         4         12354968107
       1         12345968107         5         12349568107
       1         12345968107         6         12345986107
       1         12345968107         7         12345968710
       1         12345968107         8         12345961087
       1         12345968107         9         12345698107
       1         12345961078         1         21345961078
       1         12345961078         2         13245961078
       1         12345961078         3         12435961078
       1         12345961078         4         12354961078
       1         12345961078         5         12349561078
       1         12345961078         6         12345910678
       1         12345961078         7         12345961087
       1         12345961078         8         12345967108
       1         12345961078         9         12345691078
       1         12345961087         1         21345961087
       1         12345961087         2         13245961087
       1         12345961087         3         12435961087
       1         12345961087         4         12354961087
       1         12345961087         5         12349561087
       1         12345961087         6         12345910687
       1         12345961087         7         12345968107
       1         12345961087         8         12345961078
       1         12345961087         9         12345691087
       1         12345976810         1         21345976810
       1         12345976810         2         13425976810
       1         12345976810         3         12435976810
       1         12345976810         4         12354976810
       1         12345976810         5         12349576810
       1         12345976810         6         12345978610
       1         12345976810         7         12345967810
       1         12345976810         8         12345976108
       1         12345976810         9         12345976108
       1         12345976108         1         21345976108
       1         12345976108         2         13245976108
       1         12345976108         3         12435976108
       1         12345976108         4         12354976108
       1         12345976108         5         12349576108
       1         12345976108         6         12345971068
       1         12345976108         7         12345967108
       1         12345976108         8         12345976810
       1         12345976108         9         12345796108
       1         12345978610         1         21345978610
       1         12345978610         2         13425978610
       1         12345978610         3         12435978610
       1         12345978610         4         12354978610
       1         12345978610         5         12349578610
       1         12345978610         6         12345978106
       1         12345978610         7         12345987610
       1         12345978610         8         12345976810
       1         12345978610         9         12345978106
       1         12345978106         1         21345978106
       1         12345978106         2         13245978106
       1         12345978106         3         12435978106
       1         12345978106         4         12354978106
       1         12345978106         5         12349578106
       1         12345978106         6         12345978610
       1         12345978106         7         12345987106
       1         12345978106         8         12345971086
       1         12345978106         9         12345798106
       1         12345971068         1         21345971068
       1         12345971068         2         13245971068
       1         12345971068         3         12435971068
       1         12345971068         4         12354971068
       1         12345971068         5         12349571068
       1         12345971068         6         12345971086
       1         12345971068         7         12345910768
       1         12345971068         8         12345976108
       1         12345971068         9         12345791068
       1         12345971086         1         21345971086
       1         12345971086         2         13245971086
       1         12345971086         3         12435971086
       1         12345971086         4         12354971086
       1         12345971086         5         12349571086
       1         12345971086         6         12345978106
       1         12345971086         7         12345910786
       1         12345971086         8         12345971068
       1         12345971086         9         12345791086
       1         12345986710         1         21345986710
       1         12345986710         2         13425986710
       1         12345986710         3         12435986710
       1         12345986710         4         12354986710
       1         12345986710         5         12349586710
       1         12345986710         6         12345987610
       1         12345986710         7         12345986107
       1         12345986710         8         12345968710
       1         12345986710         9         12345986107
       1         12345986107         1         21345986107
       1         12345986107         2         13245986107
       1         12345986107         3         12435986107
       1         12345986107         4         12354986107
       1         12345986107         5         12349586107
       1         12345986107         6         12345981067
       1         12345986107         7         12345986710
       1         12345986107         8         12345968107
       1         12345986107         9         12345896107
       1         12345987610         1         21345987610
       1         12345987610         2         13425987610
       1         12345987610         3         12435987610
       1         12345987610         4         12354987610
       1         12345987610         5         12349587610
       1         12345987610         6         12345987106
       1         12345987610         7         12345986710
       1         12345987610         8         12345978610
       1         12345987610         9         12345987106
       1         12345987106         1         21345987106
       1         12345987106         2         13245987106
       1         12345987106         3         12435987106
       1         12345987106         4         12354987106
       1         12345987106         5         12349587106
       1         12345987106         6         12345987610
       1         12345987106         7         12345981076
       1         12345987106         8         12345978106
       1         12345987106         9         12345897106
       1         12345981067         1         21345981067
       1         12345981067         2         13245981067
       1         12345981067         3         12435981067
       1         12345981067         4         12354981067
       1         12345981067         5         12349581067
       1         12345981067         6         12345981076
       1         12345981067         7         12345986107
       1         12345981067         8         12345910867
       1         12345981067         9         12345891067
       1         12345981076         1         21345981076
       1         12345981076         2         13245981076
       1         12345981076         3         12435981076
       1         12345981076         4         12354981076
       1         12345981076         5         12349581076
       1         12345981076         6         12345987106
       1         12345981076         7         12345981067
       1         12345981076         8         12345910876
       1         12345981076         9         12345891076
       1         12345910678         1         21345910678
       1         12345910678         2         13245910678
       1         12345910678         3         12435910678
       1         12345910678         4         12354910678
       1         12345910678         5         12349510678
       1         12345910678         6         12345910768
       1         12345910678         7         12345910687
       1         12345910678         8         12345961078
       1         12345910678         9         12345109678
       1         12345910687         1         21345910687
       1         12345910687         2         13245910687
       1         12345910687         3         12435910687
       1         12345910687         4         12354910687
       1         12345910687         5         12349510687
       1         12345910687         6         12345910867
       1         12345910687         7         12345961087
       1         12345910687         8         12345910678
       1         12345910687         9         12345109687
       1         12345910768         1         21345910768
       1         12345910768         2         13245910768
       1         12345910768         3         12435910768
       1         12345910768         4         12354910768
       1         12345910768         5         12349510768
       1         12345910768         6         12345910786
       1         12345910768         7         12345910678
       1         12345910768         8         12345971068
       1         12345910768         9         12345109768
       1         12345910786         1         21345910786
       1         12345910786         2         13245910786
       1         12345910786         3         12435910786
       1         12345910786         4         12354910786
       1         12345910786         5         12349510786
       1         12345910786         6         12345971086
       1         12345910786         7         12345910876
       1         12345910786         8         12345910768
       1         12345910786         9         12345109786
       1         12345910867         1         21345910867
       1         12345910867         2         13245910867
       1         12345910867         3         12435910867
       1         12345910867         4         12354910867
       1         12345910867         5         12349510867
       1         12345910867         6         12345910876
       1         12345910867         7         12345981067
       1         12345910867         8         12345910687
       1         12345910867         9         12345109867
       1         12345910876         1         21345910876
       1         12345910876         2         13245910876
       1         12345910876         3         12435910876
       1         12345910876         4         12354910876
       1         12345910876         5         12349510876
       1         12345910876         6         12345981076
       1         12345910876         7         12345910867
       1         12345910876         8         12345910786
       1         12345910876         9         12345109876
       1         12345106789         1         21345106789
       1         12345106789         2         13245106789
       1         12345106789         3         12435106789
       1         12345106789         4         12354106789
       1         12345106789         5         12341056789
       1         12345106789         6         12345107689
       1         12345106789         7         12345106879
       1         12345106789         8         12345106798
       1         12345106789         9         12345610789
       1         12345106798         1         21345106798
       1         12345106798         2         13245106798
       1         12345106798         3         12435106798
       1         12345106798         4         12354106798
       1         12345106798         5         12341056798
       1         12345106798         6         12345107698
       1         12345106798         7         12345106978
       1         12345106798         8         12345610798
       1         12345106798         9         12345106789
       1         12345106879         1         21345106879
       1         12345106879         2         13245106879
       1         12345106879         3         12435106879
       1         12345106879         4         12354106879
       1         12345106879         5         12341056879
       1         12345106879         6         12345108679
       1         12345106879         7         12345106897
       1         12345106879         8         12345106789
       1         12345106879         9         12345610879
       1         12345106897         1         21345106897
       1         12345106897         2         13245106897
       1         12345106897         3         12435106897
       1         12345106897         4         12354106897
       1         12345106897         5         12341056897
       1         12345106897         6         12345108697
       1         12345106897         7         12345610897
       1         12345106897         8         12345106987
       1         12345106897         9         12345106879
       1         12345106978         1         21345106978
       1         12345106978         2         13245106978
       1         12345106978         3         12435106978
       1         12345106978         4         12354106978
       1         12345106978         5         12341056978
       1         12345106978         6         12345109678
       1         12345106978         7         12345106987
       1         12345106978         8         12345610978
       1         12345106978         9         12345106798
       1         12345106987         1         21345106987
       1         12345106987         2         13245106987
       1         12345106987         3         12435106987
       1         12345106987         4         12354106987
       1         12345106987         5         12341056987
       1         12345106987         6         12345109687
       1         12345106987         7         12345610987
       1         12345106987         8         12345106978
       1         12345106987         9         12345106897
       1         12345107689         1         21345107689
       1         12345107689         2         13245107689
       1         12345107689         3         12435107689
       1         12345107689         4         12354107689
       1         12345107689         5         12341057689
       1         12345107689         6         12345107869
       1         12345107689         7         12345106789
       1         12345107689         8         12345107698
       1         12345107689         9         12345710689
       1         12345107698         1         21345107698
       1         12345107698         2         13245107698
       1         12345107698         3         12435107698
       1         12345107698         4         12354107698
       1         12345107698         5         12341057698
       1         12345107698         6         12345107968
       1         12345107698         7         12345106798
       1         12345107698         8         12345710698
       1         12345107698         9         12345107689
       1         12345107869         1         21345107869
       1         12345107869         2         13245107869
       1         12345107869         3         12435107869
       1         12345107869         4         12354107869
       1         12345107869         5         12341057869
       1         12345107869         6         12345107896
       1         12345107869         7         12345108769
       1         12345107869         8         12345107689
       1         12345107869         9         12345710869
       1         12345107896         1         21345107896
       1         12345107896         2         13245107896
       1         12345107896         3         12435107896
       1         12345107896         4         12354107896
       1         12345107896         5         12341057896
       1         12345107896         6         12345710896
       1         12345107896         7         12345108796
       1         12345107896         8         12345107986
       1         12345107896         9         12345107869
       1         12345107968         1         21345107968
       1         12345107968         2         13245107968
       1         12345107968         3         12435107968
       1         12345107968         4         12354107968
       1         12345107968         5         12341057968
       1         12345107968         6         12345107986
       1         12345107968         7         12345109768
       1         12345107968         8         12345710968
       1         12345107968         9         12345107698
       1         12345107986         1         21345107986
       1         12345107986         2         13245107986
       1         12345107986         3         12435107986
       1         12345107986         4         12354107986
       1         12345107986         5         12341057986
       1         12345107986         6         12345710986
       1         12345107986         7         12345109786
       1         12345107986         8         12345107968
       1         12345107986         9         12345107896
       1         12345108679         1         21345108679
       1         12345108679         2         13245108679
       1         12345108679         3         12435108679
       1         12345108679         4         12354108679
       1         12345108679         5         12341058679
       1         12345108679         6         12345108769
       1         12345108679         7         12345108697
       1         12345108679         8         12345106879
       1         12345108679         9         12345810679
       1         12345108697         1         21345108697
       1         12345108697         2         13245108697
       1         12345108697         3         12435108697
       1         12345108697         4         12354108697
       1         12345108697         5         12341058697
       1         12345108697         6         12345108967
       1         12345108697         7         12345810697
       1         12345108697         8         12345106897
       1         12345108697         9         12345108679
       1         12345108769         1         21345108769
       1         12345108769         2         13245108769
       1         12345108769         3         12435108769
       1         12345108769         4         12354108769
       1         12345108769         5         12341058769
       1         12345108769         6         12345108796
       1         12345108769         7         12345108679
       1         12345108769         8         12345107869
       1         12345108769         9         12345810769
       1         12345108796         1         21345108796
       1         12345108796         2         13245108796
       1         12345108796         3         12435108796
       1         12345108796         4         12354108796
       1         12345108796         5         12341058796
       1         12345108796         6         12345810796
       1         12345108796         7         12345108976
       1         12345108796         8         12345107896
       1         12345108796         9         12345108769
       1         12345108967         1         21345108967
       1         12345108967         2         13245108967
       1         12345108967         3         12435108967
       1         12345108967         4         12354108967
       1         12345108967         5         12341058967
       1         12345108967         6         12345108976
       1         12345108967         7         12345810967
       1         12345108967         8         12345109867
       1         12345108967         9         12345108697
       1         12345108976         1         21345108976
       1         12345108976         2         13245108976
       1         12345108976         3         12435108976
       1         12345108976         4         12354108976
       1         12345108976         5         12341058976
       1         12345108976         6         12345810976
       1         12345108976         7         12345108967
       1         12345108976         8         12345109876
       1         12345108976         9         12345108796
       1         12345109678         1         21345109678
       1         12345109678         2         13245109678
       1         12345109678         3         12435109678
       1         12345109678         4         12354109678
       1         12345109678         5         12341059678
       1         12345109678         6         12345109768
       1         12345109678         7         12345109687
       1         12345109678         8         12345910678
       1         12345109678         9         12345106978
       1         12345109687         1         21345109687
       1         12345109687         2         13245109687
       1         12345109687         3         12435109687
       1         12345109687         4         12354109687
       1         12345109687         5         12341059687
       1         12345109687         6         12345109867
       1         12345109687         7         12345910687
       1         12345109687         8         12345109678
       1         12345109687         9         12345106987
       1         12345109768         1         21345109768
       1         12345109768         2         13245109768
       1         12345109768         3         12435109768
       1         12345109768         4         12354109768
       1         12345109768         5         12341059768
       1         12345109768         6         12345109786
       1         12345109768         7         12345109678
       1         12345109768         8         12345910768
       1         12345109768         9         12345107968
       1         12345109786         1         21345109786
       1         12345109786         2         13245109786
       1         12345109786         3         12435109786
       1         12345109786         4         12354109786
       1         12345109786         5         12341059786
       1         12345109786         6         12345910786
       1         12345109786         7         12345109876
       1         12345109786         8         12345109768
       1         12345109786         9         12345107986
       1         12345109867         1         21345109867
       1         12345109867         2         13245109867
       1         12345109867         3         12435109867
       1         12345109867         4         12354109867
       1         12345109867         5         12341059867
       1         12345109867         6         12345109876
       1         12345109867         7         12345910867
       1         12345109867         8         12345109687
       1         12345109867         9         12345108967
       1         12345109876         1         21345109876
       1         12345109876         2         13245109876
       1         12345109876         3         12435109876
       1         12345109876         4         12354109876
       1         12345109876         5         12341059876
       1         12345109876         6         12345910876
       1         12345109876         7         12345109867
       1         12345109876         8         12345109786
       1         12345109876         9         12345108976
